1401999000,1962,1176,1321.5
1401999060,4030,2360,2274.3
1401999120,4004,2386,3788.5
1401999180,3937,2296,1829.4
1401999240,3953,2341,2072.9
1401999300,4002,2354,2218.3
1401999360,3906,2345,2093.2
1401999420,3886,2349,1555.2
1401999480,3849,2306,2109.7
1401999540,3852,2333,1455.7
1401999600,3898,2306,2177.8
1401999660,3887,2410,2054.5
1401999720,3637,2196,2568.1
1401999780,3922,2406,2528.0
1401999840,3776,2316,3170.5
1401999900,3896,2369,3634.2
1401999960,3728,2291,1788.0
1402000020,3710,2267,1869.2
1402000080,3765,2271,2005.4
1402000140,3763,2330,2285.0
1402000200,4131,2412,3753.9
1402000260,3758,2264,3329.2
1402000320,3706,2226,2847.9
1402000380,3906,2351,1708.2
1402000440,3792,2281,1962.7
1402000500,3805,2310,2039.4
1402000560,3716,2210,2924.1
1402000620,3759,2266,2218.2
1402000680,3652,2199,1963.8
1402000740,3714,2228,2150.1
1402000800,3809,2222,3336.7
1402000860,3535,2167,1997.0
1402000920,2328,1391,2203.4
